6
11
12
17
21
25
28
33
42
44
47
50
54
60
66
68
73
78
79
80
81
87
88
97
102
103
104
113
114
125
126
127
131
132
142
144
147
152
155
159
161
164
165
173
175
187
188
191
199
202
213
214
216
219
222
236
245
247
253
267
269
270
277
281
282
286
287
288
291
292
295
297
301
305
306
310
318
324
327
329
332
336
337
342
350
353
357
361
362
367
380
382
383
388
396
398
406
414
416
421
428
435
439
440
456
457
463
464
476
478
480
485
495
497
498
500
501
502
503
508
510
512
517
525
526
531
533
538
539
541
545
552
554
556
563
566
570
575
577
579
587
593
595
602
603
607
608
614
616
619
620
621
628
630
631
647
650
660
661
663
665
668
669
670
671
672
674
676
678
679
681
686
687
689
696
700
701
709
714
718
722
726
728
730
731
736
738
740
743
744
747
757
759
768
769
771
788
789
795
798
799
801
803
807
815
817
820
832
837
839
840
843
844
850
857
859
866
869
870
873
877
878
881
885
890
894
904
906
907
911
913
914
919
922
936
941
943
947
951
952
954
957
960
961
965
972
976
980
981
984
997
1003
1007
1020
1022
1030
1032
1037
1043
1048
1057
1065
1073
1074
1075
1085
1087
1088
1091
1101
1102
1103
1105
1106
1107
1117
1120
1121
1129
1135
1136
1137
1148
1154
1157
1162
1164
1168
1170
1171
1173
1176
1178
1183
1187
1200
1201
1203
1205
1208
1210
1212
1224
1227
1229
1231
1233
1243
1249
1251
1252
1256
1257
1258
1260
1263
1267
1268
1271
1277
1281
1283
1284
1285
1286
1288
1289
1302
1303
1304
1306
1308
1310
1317
1318
1320
1325
1327
1334
1335
1336
1342
1343
1347
1348
1350
1359
1361
1370
1386
1387
1390
1392
1395
1398
1400
1406
1408
1412
1414
1416
1417
1428
1430
1434
1436
1439
1442
1443
1445
1449
1453
1458
1462
1466
1467
1469
1474
1477
1479
1481
1484
1485
1486
1490
1491
1498
1501
1504
1505
1513
1515
1516
1517
1530
1533
1537
1543
1544
1548
1549
1551
1560
1565
1579
1587
1593
1603
1606
1607
1608
1609
1616
1618
1624
1625
1627
1634
1635
1638
1641
1645
1646
1649
1656
1658
1660
1666
1667
1668
1675
1677
1678
1680
1689
1691
1692
1694
1701
1706
1707
1711
1717
1726
1727
1741
1742
1745
1749
1750
1755
1759
1760
1764
1768
1770
1771
1777
1789
1790
1797
1806
1810
1811
1812
1813
1827
1828
1829
1833
1849
1851
1852
1853
1858
1864
1870
1873
1876
1882
1883
1885
1901
1904
1908
1909
1910
1911
1913
1914
1919
1929
1930
1934
1935
1936
1943
1944
1951
1952
1956
1957
1959
1962
1965
1968
1970
1975
1981
1986
1988
1992
1994
1997
2000
2004
2007
2008
2009
2021
2027
2036
2039
2045
2046
2048
2051
2053
2061
2063
2067
2083
2087
2088
2090
2093
2094
2103
2104
2108
2110
2111
2116
2122
2128
2133
2135
2137
2138
2139
2143
2145
2146
2148
2151
2154
2155
2165
2166
2170
2172
2175
2186
2188
2191
2192
2194
2198
2201
2202
2203
2204
2212
2214
2227
2235
2239
2240
2242
2243
2244
2246
2250
2262
2268
2270
2276
2278
2285
2290
2296
2298
2299
2303
2308
2310
2315
2324
2337
2342
2347
2349
2353
2356
2359
2361
2362
2365
2367
2368
2370
2373
2375
2376
2378
2394
2396
2404
2408
2410
2419
2420
2423
2424
2429
2439
2442
2446
2448
2456
2461
2463
2467
2469
2470
2471
2472
2477
2479
2480
2495
2501
2503
2507
2508
2512
2515
2518
2524
2526
2529
2541
2544
2545
2552
2556
2559
2562
2566
2568
2571
2573
2575
2581
2587
2588
2589
2591
2592
2596
2597
2600
2602
2604
2612
2614
2616
2620
2621
2623
2628
2630
2634
2635
2638
2639
2641
2646
2648
2653
2655
2662
2665
2667
2668
2670
2674
2676
2679
2681
2690
2691
2692
2700
2701
2703
2706
2715
2718
2720
2733
2734
2735
2737
2751
2752
2753
2758
2770
2775
2776
2779
2780
2789
2790
2791
2794
2799
2808
2812
2814
2815
2817
2821
2824
2825
2828
2834
2835
2838
2840
2842
2843
2844
2849
2856
2857
2863
2866
2867
2874
2890
2901
2906
2912
2914
2918
2920
2921
2925
2929
2941
2942
2947
2948
2950
2955
2956
2957
2960
2961
2962
2963
2967
2972
2976
2983
2986
2988
2990
2993
3002
3006
3013
3016
3028
3039
3040
3042
3046
3049
3052
3055
3056
3058
3066
3067
3070
3074
3076
3079
3080
3081
3083
3085
3086
3087
3088
3091
3092
3099
3101
3103
3104
3108
3111
3113
3116
3136
3139
3149
3150
3152
3157
3158
3162
3165
3168
3169
3170
3172
3175
3179
3183
3186
3187
3190
3193
3194
3197
3198
3199
3209
3214
3221
3223
3225
3226
3230
3237
3239
3244
3251
3254
3258
3259
3260
3264
3270
3277
3291
3295
3303
3304
3306
3308
3314
3319
3322
3324
3327
3338
3346
3350
3352
3353
3354
3355
3359
3360
3370
3372
3376
3379
3380
3386
3387
3390
3392
3410
3415
3417
3418
3425
3429
3432
3433
3434
3435
3436
3447
3449
3450
3451
3453
3455
3457
3460
3464
3468
3476
3477
3479
3483
3486
3490
3496
3497
3506
3508
3510
3526
3527
3528
3529
3532
3546
3551
3552
3569
3571
3584
3586
3588
3589
3590
3595
3602
3604
3605
3607
3611
3626
3632
3634
3637
3638
3640
3643
3656
3658
3659
3660
3661
3663
3668
3673
3677
3680
3683
3684
3686
3695
3703
3714
3717
3719
3720
3723
3724
3726
3731
3732
3735
3737
3738
3748
3751
3752
3754
3757
3762
3763
3764
3771
3780
3782
3787
3793
3794
3807
3818
3821
3831
3842
3843
3854
3857
3859
3862
3863
3865
3868
3871
3873
3879
3887
3890
3896
3897
3898
3900
3907
3908
3909
3912
3913
3914
3917
3919
3921
3933
3937
3940
3942
3943
3948
3958
3961
3962
3965
3966
3971
3973
3974
3976
3979
3985
3996
4001
4002
4003
4004
4008
4009
4012
4013
4015
4016
4019
4021
4023
4032
4034
4045
4046
4049
4054
4055
4060
4063
4066
4069
4071
4073
4075
4081
4083
4085
4086
4092
4098
4103
4106
4109
4111
4112
4113
4114
4115
4122
4123
4126
4136
4138
4140
4150
4152
4161
4164
4171
4172
4173
4174
4180
4183
4189
4193
4194
4200
4202
4208
4209
4213
4216
4227
4231
4232
4233
4234
4237
4249
4252
4264
4267
4269
4289
4290
4295
4300
4312
4315
4319
4324
4326
4327
4329
4330
4331
4334
4335
4336
4342
4349
4353
4354
4357
4361
4366
4368
4370
4371
4376
4383
4385
4387
4389
4390
4393
4394
4396
4400
4406
4408
4409
4418
4423
4425
4428
4433
4437
4442
4445
4449
4451
4460
4467
4468
4476
4478
4481
4485
4490
4494
4496
4497
4500
4504
4511
4512
4517
4518
4519
4522
4526
4530
4533
4535
4536
4537
4542
4547
4552
4556
4559
4560
4562
4563
4564
4566
4572
4577
4584
4586
4587
4594
4600
4601
4606
4612
4616
4617
4619
4620
4623
4624
4626
4627
4628
4632
4638
4639
4642
4644
4650
4651
4661
4663
4668
4669
4670
4674
4678
4679
4682
4688
4692
4695
4699
4706
4710
4712
4716
4718
4720
4721
4726
4730
4732
4734
4735
4738
4747
4748
4760
4772
4781
4784
4788
4789
4791
4795
4803
4812
4815
4827
4832
4833
4837
4838
4841
4850
4852
4853
4859
4860
4868
4870
4876
4883
4886
4890
4895
4900
4905
4912
4915
4917
4923
4924
4928
4930
4935
4936
4939
4941
4942
4943
4946
4947
4952
4953
4956
4957
4962
4967
4971
4973
4974
4976
4989
4991
4995
4999
5005
5007
5013
5020
5021
5022
5029
5030
5040
5043
5045
5051
5059
5068
5073
5082
5086
5088
5090
5100
5103
5107
5117
5119
5125
5126
5137
5142
5148
5149
5153
5164
5167
5169
5179
5183
5188
5195
5197
5201
5204
5208
5209
5213
5224
5229
5234
5235
5238
5250
5252
5257
5261
5262
5263
5267
5269
5277
5280
5293
5295
5297
5300
5304
5306
5308
5318
5324
5325
5326
5328
5333
5340
5342
5343
5344
5346
5347
5349
5356
5361
5365
5366
5369
5370
5372
5373
5377
5380
5389
5390
5391
5393
5397
5403
5404
5407
5408
5409
5411
5421
5424
5425
5429
5431
5434
5438
5439
5441
5449
5453
5456
5457
5458
5470
5484
5485
5493
5494
5498
5500
5501
5502
5503
5504
5514
5516
5525
5527
5532
5535
5537
5541
5559
5560
5566
5567
5571
5572
5579
5585
5588
5589
5592
5594
5597
5605
5608
5613
5614
5617
5621
5622
5624
5626
5628
5634
5635
5650
5654
5656
5659
5664
5667
5671
5679
5682
5684
5686
5697
5698
5701
5702
5703
5723
5734
5739
5741
5743
5753
5767
5773
5775
5776
5779
5780
5781
5788
5789
5792
5796
5804
5812
5813
5814
5817
5819
5820
5823
5827
5829
5831
5836
5841
5842
5847
5851
5856
5870
5872
5874
5878
5882
5886
5891
5894
5899
5902
5903
5910
5918
5922
5923
5927
5928
5932
5934
5935
5936
5943
5944
5945
5949
5955
5971
5976
5979
5980
5981
5984
5986
5991
5996
5998
6000
6005
6009
6012
6019
6020
6026
6032
6033
6037
6042
6061
6062
6067
6069
6072
6078
6080
6086
6091
6094
6096
6101
6107
6108
6112
6114
6123
6138
6140
6149
6152
6161
6166
6171
6174
6185
6188
6190
6196
6200
6201
6202
6207
6209
6216
6220
6224
6225
6226
6230
6231
6232
6233
6234
6237
6241
6242
6246
6247
6249
6252
6253
6257
6259
6262
6272
6273
6277
6279
6285
6291
6298
6304
6312
6315
6317
6320
6329
6350
6352
6354
6355
6358
6361
6378
6380
6384
6390
6396
6407
6408
6411
6420
6422
6424
6426
6430
6431
6433
6435
6437
6438
6442
6454
6455
6456
6457
6461
6467
6481
6482
6483
6490
6491
6493
6496
6497
6499
6503
6504
6510
6513
6516
6520
6522
6528
6529
6531
6548
6555
6557
6562
6567
6573
6574
6575
6576
6577
6579
6583
6584
6585
6586
6590
6591
6595
6597
6599
6601
6606
6610
6612
6619
6627
6630
6633
6640
6641
6643
6648
6652
6655
6658
6659
6678
6684
6692
6702
6703
6706
6708
6719
6720
6724
6726
6729
6741
6745
6755
6756
6759
6764
6768
6769
6771
6776
6782
6786
6789
6801
6805
6807
6809
6811
6813
6814
6816
6818
6820
6827
6831
6834
6840
6842
6845
6846
6847
6855
6859
6862
6868
6873
6875
6882
6884
6887
6891
6892
6893
6896
6899
6906
6909
6910
6916
6917
